Introducing contestants...
* Player 1, weighing 430 bytes, "bigzork" ("I know i cant win") !
* Player 2, weighing 490 bytes, "fluttershy" ("oh, my, what a scary project") !
0x0000 : 02 90 00 00 00 00 02 03 70 01 00 d3 03 70 01 00 d3 03 70 01 00 d3 03 70 01 00 d3 03 70 01 00 d3 03 70 01 00 d3 03 70 01 00 d3 03 70 01 00 d3 03 70 01 00 d3 03 70 01 00 d3 03 70 01 00 d3 03 70 
0x0040 : 01 00 d3 03 70 01 00 d3 03 70 01 00 d3 03 70 01 00 d3 03 70 01 00 d3 03 70 01 00 d3 03 70 01 00 d3 03 70 01 00 d3 03 70 01 00 d3 03 70 01 00 d3 03 70 01 00 d3 03 70 01 00 d3 03 02 90 00 00 00 
0x0080 : 00 02 02 90 00 00 00 04 03 02 90 00 00 00 60 05 0b 68 01 00 33 00 01 03 70 01 00 06 01 ff ff ff fe 0a 94 ff da 02 04 0b 64 04 01 90 02 04 54 02 03 02 0a 94 ff c9 02 04 0b 64 04 01 7f 02 04 54 
0x00c0 : 02 03 02 01 ff ff ff fe 08 54 02 05 0f 09 01 6a 02 90 00 00 00 00 0f 09 ff c5 09 ff ff ff 01 ff ff ff ff 01 ff ff ff ff 01 ff ff ff ff 01 ff ff ff ff 01 ff ff ff ff 01 ff ff ff ff 01 ff ff ff 
0x0100 : ff 01 ff ff ff ff 01 ff ff ff ff 01 ff ff ff ff 01 ff ff ff ff 01 ff ff ff ff 01 ff ff ff ff 01 ff ff ff ff 01 ff ff ff ff 01 ff ff ff ff 01 ff ff ff ff 01 ff ff ff ff 01 ff ff ff ff 01 ff ff 
0x0140 : ff ff 01 ff ff ff ff 01 ff ff ff ff 01 ff ff ff ff 01 ff ff ff ff 01 ff ff ff ff 01 ff ff ff ff 01 ff ff ff ff 01 ff ff ff ff 01 ff ff ff ff 01 ff ff ff ff 01 ff ff ff ff 01 ff ff ff ff 01 ff 
0x0180 : ff ff ff 01 ff ff ff ff 01 ff ff ff ff 01 ff ff ff ff 01 ff ff ff ff 01 ff ff ff ff 01 ff ff ff ff 01 ff ff ff ff 01 ff ff ff ff 09 ff 2e 00 00 00 00 00 00 00 00 00 00 00 00 00 00 00 00 00 00 
0x01c0 : 00 00 00 00 00 00 00 00 00 00 00 00 00 00 00 00 00 00 00 00 00 00 00 00 00 00 00 00 00 00 00 00 00 00 00 00 00 00 00 00 00 00 00 00 00 00 00 00 00 00 00 00 00 00 00 00 00 00 00 00 00 00 00 00 
0x0200 : 00 00 00 00 00 00 00 00 00 00 00 00 00 00 00 00 00 00 00 00 00 00 00 00 00 00 00 00 00 00 00 00 00 00 00 00 00 00 00 00 00 00 00 00 00 00 00 00 00 00 00 00 00 00 00 02 90 00 00 00 00 02 02 90 
0x0240 : 00 00 00 04 03 02 90 00 00 00 60 05 0b 68 01 00 33 00 01 03 70 01 00 06 01 ff ff ff fe 0a 94 ff da 02 04 0b 64 04 01 90 02 04 54 02 03 02 0a 94 ff c9 02 04 0b 64 04 01 7f 02 04 54 02 03 02 01 
0x0280 : ff ff ff fe 08 54 02 05 0f 09 01 6a 02 90 00 00 00 00 0f 09 ff c5 09 00 00 00 00 00 00 00 00 00 00 00 00 00 00 00 00 00 00 00 00 00 00 00 00 00 00 00 00 00 00 00 00 00 00 00 00 00 00 00 00 00 
0x02c0 : 00 00 00 00 00 00 00 00 00 00 00 00 00 00 00 00 00 00 00 00 00 00 00 00 00 00 00 00 00 00 00 00 00 00 00 00 00 00 00 00 00 00 00 00 00 00 00 00 00 00 00 00 00 00 00 00 00 00 00 00 00 00 00 00 
0x0300 : 00 00 00 00 00 00 00 00 00 00 00 00 00 00 00 00 00 00 00 00 00 00 00 00 00 00 00 00 00 00 00 00 00 00 00 00 00 00 00 00 00 00 00 00 00 00 00 00 00 00 00 00 00 00 00 00 00 00 00 00 00 00 00 00 
0x0340 : 00 00 00 00 00 00 00 00 00 00 00 00 00 00 00 00 00 00 00 00 00 00 00 00 00 00 00 00 00 00 00 00 00 00 00 00 00 00 00 00 00 00 00 00 00 00 00 00 00 00 00 00 00 00 00 00 00 00 00 00 00 00 00 00 
0x0380 : 00 00 00 00 00 00 00 00 00 00 00 00 00 00 00 00 00 00 00 00 00 00 00 00 00 00 00 00 00 00 00 00 00 00 00 00 00 00 00 00 00 00 00 00 00 00 00 00 00 00 00 00 00 00 00 00 00 00 00 00 00 00 00 00 
0x03c0 : 00 00 00 00 00 00 00 00 00 00 00 00 00 00 00 00 00 00 00 00 00 00 00 00 00 00 00 00 00 00 00 00 00 00 00 00 00 00 00 00 00 00 00 00 00 00 00 00 00 00 00 02 90 00 00 00 00 02 02 90 00 00 00 04 
0x0400 : 03 02 90 00 00 00 60 05 0b 68 01 00 33 00 01 03 70 01 00 06 01 ff ff ff fe 0a 94 ff da 02 04 0b 64 04 01 90 02 04 54 02 03 02 0a 94 ff c9 02 04 0b 64 04 01 7f 02 04 54 02 03 02 01 ff ff ff fe 
0x0440 : 08 54 02 05 0f 09 01 6a 02 90 00 00 00 00 0f 09 ff c5 09 00 00 00 00 00 00 00 00 00 00 00 00 00 00 00 00 00 00 00 00 00 00 00 00 00 00 00 00 00 00 00 00 00 00 00 00 00 00 00 00 00 00 00 00 00 
0x0480 : 00 00 00 00 00 00 00 00 00 00 00 00 00 00 00 00 00 00 00 00 00 00 00 00 00 00 00 00 00 00 00 00 00 00 00 00 00 00 00 00 00 00 00 00 00 00 00 00 00 00 00 00 00 00 00 00 00 00 00 00 00 00 00 00 
0x04c0 : 00 00 00 00 00 00 00 00 00 00 00 00 00 00 00 00 00 00 00 00 00 00 00 00 00 00 00 00 00 00 00 00 00 00 00 00 00 00 00 00 00 00 00 00 00 00 00 00 00 00 00 00 00 00 00 00 00 00 00 00 00 00 00 00 
0x0500 : 00 00 00 00 00 00 00 00 00 00 00 00 00 00 00 00 00 00 00 00 00 00 00 00 00 00 00 00 00 00 00 00 00 00 00 00 00 00 00 00 00 00 00 00 00 00 00 00 00 00 00 00 00 00 00 00 00 00 00 00 00 00 00 00 
0x0540 : 00 00 00 00 00 00 00 00 00 00 00 00 00 00 00 00 00 00 00 00 00 00 00 00 00 00 00 00 00 00 00 00 00 00 00 00 00 00 00 00 00 00 00 00 00 00 00 00 00 00 00 00 00 00 00 00 00 00 00 00 00 00 00 00 
0x0580 : 00 00 00 00 00 00 00 00 00 00 00 00 00 00 00 00 00 00 00 00 00 00 00 00 00 00 00 00 00 00 00 00 00 00 00 00 00 00 00 00 00 00 00 00 00 00 00 02 90 00 00 00 00 02 02 90 00 00 00 04 03 02 90 00 
0x05c0 : 00 00 60 05 0b 68 01 00 33 00 01 03 70 01 00 06 01 ff ff ff fe 0a 94 ff da 02 04 0b 64 04 01 90 02 04 54 02 03 02 0a 94 ff c9 02 04 0b 64 04 01 7f 02 04 54 02 03 02 01 ff ff ff fe 08 54 02 05 
0x0600 : 0f 09 01 6a 02 90 00 00 00 00 0f 09 ff c5 09 00 00 00 00 00 00 00 00 00 00 00 00 00 00 00 00 00 00 00 00 00 00 00 00 00 00 00 00 00 00 00 00 00 00 00 00 00 00 00 00 00 00 00 00 00 00 00 00 00 
0x0640 : 00 00 00 00 00 00 00 00 00 00 00 00 00 00 00 00 00 00 00 00 00 00 00 00 00 00 00 00 00 00 00 00 00 00 00 00 00 00 00 00 00 00 00 00 00 00 00 00 00 00 00 00 00 00 00 00 00 00 00 00 00 00 00 00 
0x0680 : 00 00 00 00 00 00 00 00 00 00 00 00 00 00 00 00 00 00 00 00 00 00 00 00 00 00 00 00 00 00 00 00 00 00 00 00 00 00 00 00 00 00 00 00 00 00 00 00 00 00 00 00 00 00 00 00 00 00 00 00 00 00 00 00 
0x06c0 : 00 00 00 00 00 00 00 00 00 00 00 00 00 00 00 00 00 00 00 00 00 00 00 00 00 00 00 00 00 00 00 00 00 00 00 00 00 00 00 00 00 00 00 00 00 00 00 00 00 00 00 00 00 00 00 00 00 00 00 00 00 00 00 00 
0x0700 : 00 00 00 00 00 00 00 00 00 00 00 00 00 00 00 00 00 00 00 00 00 00 00 00 00 00 00 00 00 00 00 00 00 00 00 00 00 00 00 00 00 00 00 00 00 00 00 00 00 00 00 00 00 00 00 00 00 00 00 00 00 00 00 00 
0x0740 : 00 00 00 00 00 00 00 00 00 00 00 00 00 00 00 00 00 00 00 00 00 00 00 00 00 00 00 00 00 00 00 00 00 00 00 00 00 00 00 00 00 09 00 00 09 00 00 09 00 00 09 90 00 09 00 00 09 02 90 00 00 00 60 05 
0x0780 : 0b 09 00 00 09 00 01 09 00 00 09 06 01 09 00 00 09 0a 94 09 00 00 09 0b 64 09 00 00 09 04 54 02 03 02 0a 94 ff 09 00 00 09 64 04 09 00 00 09 54 02 09 00 00 09 ff ff 09 00 00 09 05 0f 09 00 00 
0x07c0 : 09 90 00 09 00 00 09 09 ff 09 00 00 09 00 00 09 00 00 09 00 00 09 00 00 09 00 00 09 00 00 09 00 00 09 00 00 09 00 00 09 00 00 09 00 00 09 00 00 09 00 00 09 00 00 09 00 00 09 00 00 09 00 00 09 
0x0800 : 00 00 09 03 70 09 00 00 09 ff ff 09 00 00 09 71 03 09 00 00 09 01 ff 09 00 00 09 00 f1 03 70 01 00 06 01 ff ff ff fe 0c ff fb 0b 68 01 00 34 00 01 03 70 01 00 06 01 ff ff ff fe 0b 68 01 00 3e 
0x0840 : 00 01 02 90 ff ff ff fa 02 02 90 ff ff ff fa 03 02 90 09 00 00 09 04 02 90 ff ff ff 46 05 01 ff ff ff fe 0b 64 04 ff ba 02 04 54 02 03 02 0b 64 04 ff af 02 04 54 02 03 02 01 ff ff ff fe 08 54 
0x0880 : 02 05 0f 09 ff a7 02 90 00 00 00 00 10 09 ff d1 03 70 01 00 06 01 ff ff ff fe 0c ff fb 03 70 01 00 3a 03 70 01 00 3a 03 70 01 00 3a 03 70 01 00 3a 03 70 01 00 3a 03 70 01 00 3a 03 70 01 00 3a 
0x08c0 : 03 70 01 00 3a 03 70 01 00 3a 03 70 01 00 3a 02 90 00 00 00 00 10 01 ff ff ff fe 01 ff ff ff fe 01 ff ff ff fe 01 ff ff ff fe 01 ff ff ff fe 01 ff ff ff fe 01 ff ff ff fe 01 ff ff ff fe 01 ff 
0x0900 : ff ff fe 01 ff ff ff fe 09 ff ce 03 70 01 00 06 01 ff ff ff fe 0c ff fb 0b 68 01 00 34 00 01 03 70 01 00 06 01 ff ff ff fe 0b 68 01 00 3e 00 01 02 90 00 00 00 00 02 02 90 00 00 00 06 03 02 90 
0x0940 : 09 00 00 09 04 02 90 00 00 00 b4 05 01 ff ff ff fe 0b 64 04 00 99 02 04 54 02 03 02 0b 64 04 00 8e 02 04 54 02 03 02 01 ff ff ff fe 08 54 02 05 0f 09 ff a7 02 90 00 00 00 00 10 09 ff d1 03 70 
0x0980 : 01 00 06 01 ff ff ff fe 0c ff fb 02 90 00 00 00 00 02 02 90 00 00 00 04 03 02 90 00 00 00 60 05 0b 68 01 00 33 00 01 03 70 01 00 06 01 ff ff ff fe 0a 94 ff da 02 04 0b 64 04 01 90 02 04 54 02 
0x09c0 : 03 02 0a 94 ff c9 02 04 0b 64 04 01 7f 02 04 54 02 03 02 01 ff ff ff fe 08 54 02 05 0f 09 01 6a 02 90 00 00 00 00 0f 09 ff c5 09 00 00 09 00 00 09 00 00 09 00 00 09 00 00 09 00 00 09 00 00 09 
0x0a00 : 00 00 09 00 00 09 00 00 09 00 00 09 00 00 09 00 00 09 00 00 09 00 00 09 00 00 09 00 00 09 00 00 09 00 00 09 00 00 09 00 00 09 00 00 09 00 00 09 00 00 09 00 00 09 00 00 09 00 00 09 00 00 09 00 
0x0a40 : 00 09 00 00 09 00 00 09 00 00 09 00 00 09 00 00 09 00 00 09 00 00 09 00 00 09 00 00 09 00 00 09 00 00 09 00 00 09 00 00 09 00 00 09 00 00 09 00 00 09 00 00 09 00 00 09 00 00 09 00 00 09 00 00 
0x0a80 : 09 00 00 09 00 00 09 00 00 09 00 00 09 00 00 09 00 00 09 00 00 09 00 00 09 00 00 09 00 00 00 00 00 00 00 00 00 00 00 00 00 00 00 00 00 00 00 00 00 00 00 00 00 00 00 00 00 00 00 00 00 00 00 00 
0x0ac0 : 00 00 00 00 00 00 00 00 00 00 00 00 00 00 00 00 00 00 00 00 00 00 00 00 00 00 00 00 00 00 00 00 00 00 00 00 00 00 00 00 00 00 00 00 00 00 00 00 00 00 00 00 00 00 00 00 00 00 00 00 00 00 00 00 
0x0b00 : 00 00 00 00 00 00 00 00 00 00 00 00 00 00 00 00 00 00 00 00 00 00 00 00 00 00 00 00 00 00 00 00 00 00 00 00 00 00 00 00 00 00 00 00 00 00 00 00 00 00 00 00 00 00 00 00 00 00 00 00 00 00 00 00 
0x0b40 : 00 00 00 00 00 00 00 02 90 00 00 00 00 02 02 90 00 00 00 04 03 02 90 00 00 00 60 05 0b 68 01 00 33 00 01 03 70 01 00 06 01 ff ff ff fe 0a 94 ff da 02 04 0b 64 04 01 90 02 04 54 02 03 02 0a 94 
0x0b80 : ff c9 02 04 0b 64 04 01 7f 02 04 54 02 03 02 01 ff ff ff fe 08 54 02 05 0f 09 01 6a 02 90 00 00 00 00 0f 09 ff c5 09 00 00 00 00 00 00 00 00 00 00 00 00 00 00 00 00 00 00 00 00 00 00 00 00 00 
0x0bc0 : 00 00 00 00 00 00 00 00 00 00 00 00 00 00 00 00 00 00 00 00 00 00 00 00 00 00 00 00 00 00 00 00 00 00 00 00 00 00 00 00 00 00 00 00 00 00 00 00 00 00 00 00 00 00 00 00 00 00 00 00 00 00 00 00 
0x0c00 : 00 00 00 00 00 00 00 00 00 00 00 00 00 00 00 00 00 00 00 00 00 00 00 00 00 00 00 00 00 00 00 00 00 00 00 00 00 00 00 00 00 00 00 00 00 00 00 00 00 00 00 00 00 00 00 00 00 00 00 00 00 00 00 00 
0x0c40 : 00 00 00 00 00 00 00 00 00 00 00 00 00 00 00 00 00 00 00 00 00 00 00 00 00 00 00 00 00 00 00 00 00 00 00 00 00 00 00 00 00 00 00 00 00 00 00 00 00 00 00 00 00 00 00 00 00 00 00 00 00 00 00 00 
0x0c80 : 00 00 00 00 00 00 00 00 00 00 00 00 00 00 00 00 00 00 00 00 00 00 00 00 00 00 00 00 00 00 00 00 00 00 00 00 00 00 00 00 00 00 00 00 00 00 00 00 00 00 00 00 00 00 00 00 00 00 00 00 00 00 00 00 
0x0cc0 : 00 00 00 00 00 00 00 00 00 00 00 00 00 00 00 00 00 00 00 00 00 00 00 00 00 00 00 00 00 00 00 00 00 00 00 00 00 00 00 00 00 00 00 00 00 00 00 00 00 00 00 00 00 00 00 00 00 00 00 00 00 00 00 00 
0x0d00 : 00 00 00 02 90 00 00 00 00 02 02 90 00 00 00 04 03 02 90 00 00 00 60 05 0b 68 01 00 33 00 01 03 70 01 00 06 01 ff ff ff fe 0a 94 ff da 02 04 0b 64 04 01 90 02 04 54 02 03 02 0a 94 ff c9 02 04 
0x0d40 : 0b 64 04 01 7f 02 04 54 02 03 02 01 ff ff ff fe 08 54 02 05 0f 09 01 6a 02 90 00 00 00 00 0f 09 ff c5 09 00 00 00 00 00 00 00 00 00 00 00 00 00 00 00 00 00 00 00 00 00 00 00 00 00 00 00 00 00 
0x0d80 : 00 00 00 00 00 00 00 00 00 00 00 00 00 00 00 00 00 00 00 00 00 00 00 00 00 00 00 00 00 00 00 00 00 00 00 00 00 00 00 00 00 00 00 00 00 00 00 00 00 00 00 00 00 00 00 00 00 00 00 00 00 00 00 00 
0x0dc0 : 00 00 00 00 00 00 00 00 00 00 00 00 00 00 00 00 00 00 00 00 00 00 00 00 00 00 00 00 00 00 00 00 00 00 00 00 00 00 00 00 00 00 00 00 00 00 00 00 00 00 00 00 00 00 00 00 00 00 00 00 00 00 00 00 
0x0e00 : 00 00 00 00 00 00 00 00 00 00 00 00 00 00 00 00 00 00 00 00 00 00 00 00 00 00 00 00 00 00 00 00 00 00 00 00 00 00 00 00 00 00 00 00 00 00 00 00 00 00 00 00 00 00 00 00 00 00 00 00 00 00 00 00 
0x0e40 : 00 00 00 00 00 00 00 00 00 00 00 00 00 00 00 00 00 00 00 00 00 00 00 00 00 00 00 00 00 00 00 00 00 00 00 00 00 00 00 00 00 00 00 00 00 00 00 00 00 00 00 00 00 00 00 00 00 00 00 00 00 00 00 00 
0x0e80 : 00 00 00 00 00 00 00 00 00 00 00 00 00 00 00 00 00 00 00 00 00 00 00 00 00 00 00 00 00 00 00 00 00 00 00 00 00 00 00 00 00 00 00 00 00 00 00 00 00 00 00 00 00 00 00 00 00 00 00 00 00 00 00 02 
0x0ec0 : 90 00 00 00 00 02 02 90 00 00 00 04 03 02 90 00 00 00 60 05 0b 68 01 00 33 00 01 03 70 01 00 06 01 ff ff ff fe 0a 94 ff da 02 04 0b 64 04 01 90 02 04 54 02 03 02 0a 94 ff c9 02 04 0b 64 04 01 
0x0f00 : 7f 02 04 54 02 03 02 01 ff ff ff fe 08 54 02 05 0f 09 01 6a 02 90 00 00 00 00 0f 09 ff c5 09 00 00 00 00 00 00 00 00 00 00 00 00 00 00 00 00 00 00 00 00 00 00 00 00 00 00 00 00 00 00 00 00 00 
0x0f40 : 00 00 00 00 00 00 00 00 00 00 00 00 00 00 00 00 00 00 00 00 00 00 00 00 00 00 00 00 00 00 00 00 00 00 00 00 00 00 00 00 00 00 00 00 00 00 00 00 00 00 00 00 00 00 00 00 00 00 00 00 00 00 00 00 
0x0f80 : 00 00 00 00 00 00 00 00 00 00 00 00 00 00 00 00 00 00 00 00 00 00 00 00 00 00 00 00 00 00 00 00 00 00 00 00 00 00 00 00 00 00 00 00 00 00 00 00 00 00 00 00 00 00 00 00 00 00 00 00 00 00 00 00 
0x0fc0 : 00 00 00 00 00 00 00 00 00 00 00 00 00 00 00 00 00 00 00 00 00 00 00 00 00 00 00 00 00 00 00 00 00 00 00 00 00 00 00 00 00 00 00 00 00 00 00 00 00 00 00 00 00 00 00 00 00 00 00 00 00 00 00 00 
